68 00 81 b8
4b 2d 28 61 c5 41 11 01
01 00 03 00
00 00 00 01
00 00 00 00
b5 59 b7 42 00 00 00 00 ### New Tx Bytes
6f 94 a6 05 00 00 00 00 ### New ReTx Bytes
81 67 ac 00 00 00 00 00 ### Num MCS
0c de 28 02 00 00 00 00 ### Num PRB
c7 dd a9 00 00 00 00 00
2d 00 00 00
a8 e7 0c 00
0e 9b 00 00
61 23 0b 00
7b cc 7c 00
ee 81 05 00
07 00 00 00
ba 78 0d 00 00 00 00 00
fa 00 00 00


68 00 81 b8
86 7d fa 7c c5 41 11 01
01 00 03 00
00 00 00 01
00 00 00 00
b6 b6 c0 42 00 00 00 00
30 1a a7 05 00 00 00 00
e1 88 ac 00 00 00 00 00
cb 05 29 02 00 00 00 00
0a ed a9 00 00 00 00 00
2d 00 00 00
ae e9 0c 00
2c 9b 00 00
96 23 0b 00
90 ce 7c 00
85 82 05 00
07 00 00 00
de 7a 0d 00 00 00 00 00
fa 00 00 00


68 00 81 b8
0d 7a 9a 8c c5 41 11 01
01 00 03 00
00 00 00 01
00 00 00 00
d5 f9 c6 42 00 00 00 00
d1 63 a7 05 00 00 00 00
a5 bf ac 00 00 00 00 00
2b 1b 29 02 00 00 00 00
15 03 aa 00 00 00 00 00
2d 00 00 00
de ec 0c 00
4b 9b 00 00
b6 23 0b 00
10 d0 7c 00
62 83 05 00
07 00 00 00
2d 7e 0d 00 00 00 00 00
fa 00 00 00


68 00 81 b8
bb 77 3a 9c c5 41 11 01
01 00 03 00
00 00 00 01
00 00 00 00
98 4d d1 42 00 00 00 00
e2 f6 a7 05 00 00 00 00
ba f3 ac 00 00 00 00 00
3c 44 29 02 00 00 00 00
81 18 aa 00 00 00 00 00
2e 00 00 00
fe ef 0c 00
6f 9b 00 00
d5 23 0b 00
79 d1 7c 00
42 84 05 00
07 00 00 00
71 81 0d 00 00 00 00 00
fa 00 00 00


68 00 81 b8
de 9d bd ad c5 41 11 01
01 00 03 00
00 00 00 01
00 00 00 00
4e 7e be 43 00 00 00 00
a2 ff c0 05 00 00 00 00
83 4f ad 00 00 00 00 00
ca 69 2d 02 00 00 00 00
59 27 aa 00 00 00 00 00
2e 00 00 00
ec f6 0c 00
22 9c 00 00
fa 23 0b 00
f4 d2 7c 00
39 85 05 00
07 00 00 00
12 89 0d 00 00 00 00 00
fa 00 00 00


68 00 81 b8
67 9d 69 bd c5 41 11 01
01 00 03 00
00 00 00 01
00 00 00 00
42 99 7a 44 00 00 00 00
bd 65 d4 05 00 00 00 00
13 b1 ad 00 00 00 00 00
16 83 30 02 00 00 00 00
60 36 aa 00 00 00 00 00
2e 00 00 00
02 fe 0c 00
dd 9c 00 00
1a 24 0b 00
38 d4 7c 00
33 86 05 00
07 00 00 00
e3 90 0d 00 00 00 00 00
fa 00 00 00


68 00 81 b8
a7 9a 15 cd c5 41 11 01
01 00 03 00
00 00 00 01
00 00 00 00
b6 1a fe 44 00 00 00 00
40 63 e2 05 00 00 00 00
fe f8 ad 00 00 00 00 00
41 97 33 02 00 00 00 00
8c 43 aa 00 00 00 00 00
2f 00 00 00
14 05 0d 00
a0 9d 00 00
28 24 0b 00
bb d5 7c 00
2d 87 05 00
07 00 00 00
b8 98 0d 00 00 00 00 00
fa 00 00 00


